26
35
71
27
66
34
55
82
18
30
43
57
72
76
52
36
46
27
87
62
47
36
35
9
13
34
66
48
72
57
81
90
88
66
6
62
27
10
66
85
2
66
99
84
93
88
77
29
94
90
44
41
11
53
82
41
100
91
34
39
45
62
35
54
51
23
15
20
4
62
97
88
30
77
56
33
86
31
79
86
15
59
23
97
48
29
86
10
14
61
13
84
85
16
16
15
91
84
57
94
90
16
94
71
85
100
13
24
41
16
71
4
80
82
95
36
74
54
35
98
48
72
24
24
73
23
57
15
11
62
81
35
13
80
50
87
68
51
88
80
24
51
14
39
35
79
73
66
85
77
98
57
8
90
60
59
36
83
100
45
51
6
64
98
17
21
71
13
44
99
56
23
94
53
54
33
81
35
32
24
80
50
59
12
60
85
52
94
32
70
100
58
31
7
15
22
19
12
40
88
66
82
83
28
76
21
41
88
68
23
94
81
47
92
84
70
21
71
19
32
46
64
1
76
90
28
86
49
68
3
18
2
65
26
96
48
89
72
5
14
21
58
73
28
38
21
80
97
14
61
89
45
26
6
100
18
42
12
22
83
95
13
9
67
41
86
56
37
79
55
42
26
85
54
93
46
52
20
81
88
89
4
24
3
54
34
66
70
52
91
36
74
6
90
43
67
25
61
82
18
81
20
83
46
28
77
83
70
53
99
33
99
10
65
49
2
13
3
63
72
66
7
15
78
56
86
21
15
89
87
87
99
7
47
76
4
51
9
42
26
95
93
11
58
23
70
17
57
42
1
69
97
85
96
78
77
60
69
100
78
88
50
88
65
94
45
96
44
97
50
88
31
7
89
5
98
51
66
9
36
91
53
86
18
100
80
47
63
18
60
63
39
81
19
31
4
55
80
34
80
19
99
80
76
21
64
48
71
20
56
62
44
67
18
5
35
61
82
6
2
70
20
77
72
77
45
6
15
44
69
23
50
49
51
21
79
27
21
42
54
63
38
52
69
55
21
16
33
8
20
86
39
21
56
30
2
1
70
69
5
45
55
50
6
64
100
41
11
73
44
6
39
36
32
13
27
77
2
43
41
21
37
13
71
19
11
84
51
99
73
71
53
82
97
90
62
66
57
90
84
69
2
48
84
43
66
68
18
42
64
76
45
11
35
65
17
45
11
7
56
11
37
42
10
52
59
34
84
75
42
42
68
42
8
1
1
46
96
65
57
70
96
20
14
23
72
88
49
2
37
55
9
54
95
1
73
30
88
11
91
68
61
90
55
69
88
73
1
100
10
34
77
12
26
88
74
77
84
100
3
16
10
85
23
52
27
69
17
44
12
53
41
7
21
31
25
50
7
40
6
57
72
40
64
56
99
5
13
31
29
15
35
75
86
59
32
88
70
18
66
31
66
68
85
59
39
47
25
68
18
97
89
69
65
83
65
87
27
55
91
40
72
26
9
86
7
96
11
97
42
20
17
8
56
5
24
35
16
8
64
25
85
88
44
26
54
29
81
94
62
20
76
62
62
99
84
21
81
87
39
63
31
67
80
47
1
51
58
44
98
41
75
15
4
42
48
64
71
62
63
24
11
61
92
43
63
82
79
90
2
31
48
77
75
6
37
29
13
93
47
67
13
17
86
49
49
85
62
41
39
48
18
65
72
25
91
22
78
52
92
8
29
31
60
58
81
85
34
34
63
22
17
7
40
26
79
26
62
77
86
91
63
15
90
27
75
43
95
14
48
73
89
63
56
58
71
64
21
20
46
85
49
50
47
36
94
36
7
57
98
79
89
24
34
24
68
38
1
53
69
95
74
65
84
19
43
7
38
73
40
62
57
23
85
89
29
56
32
29
53
74
60
22
16
19
56
98
10
32
47
18
37
45
8
43
77
20
73
68
26
75
79
78
96
12
51
38
97
72
79
46
52
5
28
26
50
15
57
21
26
69
64
96
33
18
6
4
3
100
98
100
75
3
1
49
75
82
4
26
59
23
100
69
96
37
97
92
22
6
67
13
47
83
54
78
3
76
72
71
98
76
65
48
44
30
5
46
19
85
3
90
4
14
47
85
78
70
51
46
26
46
27
2
89
88
5
27
57
22
20
48
84
26
4
43
5
51
2
96
53
83
70
22
95
39
10
37
83
55
96
32
91
8
66
25
9
36
54
27
43
95
13
24
57
92
97
46
77
92
7
31
69
36
4
46
41
88
1
4
68
29
99
100
34
58
80
33
69
91
59
31
56
10
13
5
40
84
7
27
30